Tiempos practica 5 parte 1

run:
		ArrayList	LinkedList
Test 01:	0,00782858.ms	0,00133995.ms Añadir elemento al final de la lista
Test 02:	0,00190437.ms	0,00162505.ms Añadir elemento al principio de la lista
Test 03:	0,00191012.ms	0,00976146.ms Añadir elemento a mitad de la lista
Test 04:	0,00088944.ms	0,00090661.ms Borrar elemento al final de la lista
Test 05:	0,00177327.ms	0,00072412.ms Borrar elemento al principio de la lista
Test 06:	0,00112323.ms	0,00563905.ms Borrar elemento a mitad de la lista
Test 07:	0,04284920.ms	0,03738674.ms Borrar por valor al final de la lista
Test 08:	0,00241762.ms	0,00118598.ms Borrar por valor al principio de la lista
Test 09:	0,01033169.ms	0,00656275.ms Borrar por valor a mitad de la lista
Test 10:	0,00060439.ms	0,00384880.ms Vaciado de la lista
Test 11:	0,03697622.ms	0,03806517.ms Busqueda de elemento
Test 12:	0,10448557.ms	0,03677088.ms Busqueda de elemento implementando
Test 13:	0,00428774.ms	0,01082777.ms Busqueda binaria de elemento
BUILD SUCCESSFUL (total time: 0 seconds))


Tiempos practica 5 parte 2


run:
		L. Alteatoria	Lista Ordenada	ListaInversa	Lista igual
Bubble Sort:	46.48284.ms	5.212021.ms	12.249762.ms	5.700097.ms	
Select. Sort:	25.966599.ms	3.595559.ms	2.200897.ms	2.228266.ms	
Insertion Sort:	35.380282.ms	13.964295.ms	12.122612.ms	2.536164.ms	
Quick Sort:	2.193485.ms	0.21952.ms	0.258291.ms	0.388293.ms	
Merge Sort:	5.718913.ms	1.788086.ms	2.273881.ms	1.240714.ms	
Binary Search:	0.017105.ms	0.00171.ms	0.001711.ms	0.00228.ms	
Secuential S. :	0.200704.ms	0.591277.ms	0.101492.ms	0.173335.ms	
BUILD SUCCESSFUL (total time: 0 seconds)



Comprobaciones practica 5 parte 2


run:
Bubble Sort
-------------
Lista Aleatoria
[389, 3549, 1793, 1157, 3725, 2840, 3805, 1261, 873, 2128, 3760, 153, 3692, 1520, 1064, 3794, 2647, 1873, 4795, 1310, 3689]
[153, 389, 873, 1064, 1157, 1261, 1310, 1520, 1793, 1873, 2128, 2647, 2840, 3549, 3689, 3692, 3725, 3760, 3794, 3805, 4795]
Swaps: 91
Lista ya ordenada
[0, 1, 2, 3, 4, 5, 6, 7, 8, 9, 10, 11, 12, 13, 14, 15, 16, 17, 18, 19, 20]
[0, 1, 2, 3, 4, 5, 6, 7, 8, 9, 10, 11, 12, 13, 14, 15, 16, 17, 18, 19, 20]
Swaps: 0
Lista inversa
[20, 19, 18, 17, 16, 15, 14, 13, 12, 11, 10, 9, 8, 7, 6, 5, 4, 3, 2, 1, 0]
[0, 1, 2, 3, 4, 5, 6, 7, 8, 9, 10, 11, 12, 13, 14, 15, 16, 17, 18, 19, 20]
Swaps: 210
Lista de mismos elementos
[500, 500, 500, 500, 500, 500, 500, 500, 500, 500, 500, 500, 500, 500, 500, 500, 500, 500, 500, 500, 500]
[500, 500, 500, 500, 500, 500, 500, 500, 500, 500, 500, 500, 500, 500, 500, 500, 500, 500, 500, 500, 500]
Swaps: 0

Selection Sort
-------------
Lista Aleatoria
[666, 799, 4843, 2928, 2603, 2538, 115, 3208, 3637, 4841, 4754, 1612, 4667, 2366, 4624, 2512, 3962, 1188, 709, 3891, 4110]
[115, 666, 709, 799, 1188, 1612, 2366, 2512, 2538, 2603, 2928, 3208, 3637, 3891, 3962, 4110, 4624, 4667, 4754, 4841, 4843]
Swaps: 19
Lista ya ordenada
[0, 1, 2, 3, 4, 5, 6, 7, 8, 9, 10, 11, 12, 13, 14, 15, 16, 17, 18, 19, 20]
[0, 1, 2, 3, 4, 5, 6, 7, 8, 9, 10, 11, 12, 13, 14, 15, 16, 17, 18, 19, 20]
Swaps: 0
Lista inversa
[20, 19, 18, 17, 16, 15, 14, 13, 12, 11, 10, 9, 8, 7, 6, 5, 4, 3, 2, 1, 0]
[0, 1, 2, 3, 4, 5, 6, 7, 8, 9, 10, 11, 12, 13, 14, 15, 16, 17, 18, 19, 20]
Swaps: 10
Lista de mismos elementos
[500, 500, 500, 500, 500, 500, 500, 500, 500, 500, 500, 500, 500, 500, 500, 500, 500, 500, 500, 500, 500]
[500, 500, 500, 500, 500, 500, 500, 500, 500, 500, 500, 500, 500, 500, 500, 500, 500, 500, 500, 500, 500]
Swaps: 0

Insertion Sort
-------------
Lista Aleatoria
[157, 954, 3850, 4012, 454, 3884, 135, 2889, 3497, 1029, 3838, 15, 1416, 4608, 3600, 3881, 4010, 997, 2238, 4376, 2025]
[15, 135, 157, 454, 954, 997, 1029, 1416, 2025, 2238, 2889, 3497, 3600, 3838, 3850, 3881, 3884, 4010, 4012, 4376, 4608]
Swaps: 86
Lista ya ordenada
[0, 1, 2, 3, 4, 5, 6, 7, 8, 9, 10, 11, 12, 13, 14, 15, 16, 17, 18, 19, 20]
[0, 1, 2, 3, 4, 5, 6, 7, 8, 9, 10, 11, 12, 13, 14, 15, 16, 17, 18, 19, 20]
Swaps: 0
Lista inversa
[20, 19, 18, 17, 16, 15, 14, 13, 12, 11, 10, 9, 8, 7, 6, 5, 4, 3, 2, 1, 0]
[0, 1, 2, 3, 4, 5, 6, 7, 8, 9, 10, 11, 12, 13, 14, 15, 16, 17, 18, 19, 20]
Swaps: 210
Lista de mismos elementos
[500, 500, 500, 500, 500, 500, 500, 500, 500, 500, 500, 500, 500, 500, 500, 500, 500, 500, 500, 500, 500]
[500, 500, 500, 500, 500, 500, 500, 500, 500, 500, 500, 500, 500, 500, 500, 500, 500, 500, 500, 500, 500]
Swaps: 0

Quick Sort
-------------
Lista Aleatoria
[650, 2539, 4793, 3277, 3283, 4926, 1738, 3930, 483, 2880, 4727, 2429, 4095, 3896, 4674, 2934, 2611, 3281, 4785, 838, 1981]
[483, 650, 838, 1738, 1981, 2429, 2539, 2611, 2934, 2880, 3277, 3281, 3283, 3930, 3896, 4095, 4674, 4727, 4785, 4793, 4926]
Swaps: 27
Lista ya ordenada
[0, 1, 2, 3, 4, 5, 6, 7, 8, 9, 10, 11, 12, 13, 14, 15, 16, 17, 18, 19, 20]
[0, 1, 2, 3, 4, 5, 6, 7, 8, 9, 10, 11, 12, 13, 14, 15, 16, 17, 18, 19, 20]
Swaps: 13
Lista inversa
[20, 19, 18, 17, 16, 15, 14, 13, 12, 11, 10, 9, 8, 7, 6, 5, 4, 3, 2, 1, 0]
[0, 1, 2, 3, 4, 5, 6, 7, 8, 9, 10, 11, 12, 13, 14, 15, 16, 17, 18, 19, 20]
Swaps: 23
Lista de mismos elementos
[500, 500, 500, 500, 500, 500, 500, 500, 500, 500, 500, 500, 500, 500, 500, 500, 500, 500, 500, 500, 500]
[500, 500, 500, 500, 500, 500, 500, 500, 500, 500, 500, 500, 500, 500, 500, 500, 500, 500, 500, 500, 500]
Swaps: 41

Merge Sort
-------------
Lista Aleatoria
[224, 3207, 3179, 576, 1247, 148, 4184, 2771, 2035, 4810, 4630, 4129, 3956, 4092, 650, 4521, 1768, 924, 165, 487, 3767]
[148, 165, 224, 487, 576, 650, 924, 1247, 1768, 2035, 2771, 3179, 3207, 3767, 3956, 4092, 4129, 4184, 4521, 4630, 4810]
Lista ya ordenada
[0, 1, 2, 3, 4, 5, 6, 7, 8, 9, 10, 11, 12, 13, 14, 15, 16, 17, 18, 19, 20]
[0, 1, 2, 3, 4, 5, 6, 7, 8, 9, 10, 11, 12, 13, 14, 15, 16, 17, 18, 19, 20]
Lista inversa
[20, 19, 18, 17, 16, 15, 14, 13, 12, 11, 10, 9, 8, 7, 6, 5, 4, 3, 2, 1, 0]
[0, 1, 2, 3, 4, 5, 6, 7, 8, 9, 10, 11, 12, 13, 14, 15, 16, 17, 18, 19, 20]
Lista de mismos elementos
[500, 500, 500, 500, 500, 500, 500, 500, 500, 500, 500, 500, 500, 500, 500, 500, 500, 500, 500, 500, 500]
[500, 500, 500, 500, 500, 500, 500, 500, 500, 500, 500, 500, 500, 500, 500, 500, 500, 500, 500, 500, 500]

Binary Search
-------------
[0, 1, 2, 3, 4, 5, 6, 7, 8, 9, 10, 11, 12, 13, 14, 15, 16, 17, 18, 19, 20]
Numro 7 está en la posicion 8

Secuential Search
-------------
[20, 19, 18, 17, 16, 15, 14, 13, 12, 11, 10, 9, 8, 7, 6, 5, 4, 3, 2, 1, 0]
Numero 4 está en la posicion 17
BUILD SUCCESSFUL (total time: 0 seconds)
